epoch	train_loss	val_loss	val_mIoU	val_OA
1	1.132180	7.438881	0.051934	0.269233
2	0.668675	1.559062	0.122243	0.539419
3	0.569259	1.222042	0.199467	0.635136
4	0.504929	1.206732	0.207891	0.667752
5	0.549436	0.575144	0.447462	0.833870
6	0.472490	0.520575	0.430798	0.799117
7	0.436889	0.876720	0.234146	0.704566
8	0.417156	0.387091	0.476947	0.866054
9	0.398263	0.744350	0.411458	0.722715
10	0.367933	0.408482	0.496496	0.853138
11	0.353634	0.392974	0.519074	0.862708
12	0.385945	0.713092	0.351095	0.788218
13	0.364737	1.084558	0.256612	0.645070
14	0.359098	0.400971	0.561753	0.859831
15	0.415659	1.014060	0.287753	0.587490
16	0.355125	1.235991	0.144481	0.388348
17	0.358097	0.529466	0.470716	0.810212
18	0.379225	0.911239	0.276373	0.686039
19	0.387128	1.120495	0.326862	0.665970
20	0.366013	0.459751	0.508300	0.830464
21	0.371551	0.490951	0.500156	0.823344
22	0.368830	0.764283	0.415251	0.828418
23	0.339751	0.516088	0.479460	0.831093
24	0.321447	0.482406	0.479250	0.826234
25	0.321663	0.367743	0.575706	0.872180
26	0.326093	0.451158	0.542633	0.846703
27	0.330873	0.656957	0.477517	0.742737
28	0.345958	1.559087	0.382208	0.600999
29	0.346125	0.398728	0.729189	0.879426
30	0.298941	0.450265	0.642156	0.851143
31	0.290698	0.458174	0.654986	0.838046
32	0.312803	0.450601	0.601789	0.843220
33	0.298414	0.446131	0.700457	0.820191
34	0.300961	0.309800	0.753339	0.898975
35	0.318163	0.728544	0.565215	0.768773
36	0.304508	0.398137	0.698952	0.868949
37	0.302121	0.565064	0.562524	0.806758
38	0.286537	0.796516	0.547621	0.770731
39	0.293690	0.410298	0.616834	0.847850
40	0.281524	0.333178	0.728577	0.872389
41	0.286565	0.359311	0.705657	0.876059
42	0.285694	0.294278	0.754960	0.903079
43	0.273714	0.704441	0.587508	0.750483
44	0.262722	0.755040	0.571147	0.783299
45	0.265063	0.556076	0.649656	0.815378
46	0.277116	0.345518	0.662959	0.881088
47	0.257071	0.391710	0.731101	0.856990
48	0.282432	0.335878	0.733177	0.893007
49	0.260553	0.296033	0.762858	0.899430
50	0.263461	0.302654	0.771218	0.903235
51	0.246716	0.323292	0.762543	0.898704
52	0.238172	0.293426	0.764160	0.901826
53	0.235414	0.280717	0.780000	0.910284
54	0.247647	0.277179	0.779521	0.908859
55	0.234280	0.320614	0.767765	0.902635
56	0.234968	0.277965	0.771503	0.910603
57	0.242369	0.395273	0.732874	0.871583
58	0.242823	0.295769	0.758615	0.903139
59	0.257260	0.334579	0.746493	0.890772
60	0.242119	0.284446	0.775967	0.908177
61	0.239386	0.318450	0.720896	0.901320
62	0.225135	0.340602	0.727088	0.891493
63	0.222690	0.391909	0.708241	0.876646
64	0.219059	0.296870	0.770432	0.907561
65	0.218426	0.306034	0.776217	0.905387
66	0.223122	0.301995	0.773069	0.902585
67	0.239868	0.294404	0.777106	0.896653
68	0.230848	0.300085	0.775128	0.905952
69	0.222008	0.305901	0.770464	0.906937
70	0.225150	0.296281	0.779890	0.909861
71	0.209934	0.288761	0.782614	0.910428
72	0.213076	0.285540	0.781403	0.908154
73	0.217556	0.301934	0.776453	0.906894
74	0.209260	0.320878	0.764722	0.902754
75	0.216872	0.310664	0.776083	0.903398
76	0.198884	0.311249	0.775703	0.900452
77	0.202329	0.297739	0.782578	0.909971
78	0.199912	0.306545	0.775413	0.908665
79	0.193978	0.310912	0.777303	0.907959
80	0.192976	0.330604	0.766535	0.896863
81	0.196427	0.306291	0.778758	0.905288
82	0.203791	0.313677	0.779577	0.904897
83	0.196866	0.293532	0.783754	0.910577
84	0.192218	0.318649	0.778272	0.904600
85	0.183522	0.309284	0.782512	0.909399
86	0.181914	0.306277	0.780739	0.909068
87	0.180372	0.307845	0.779457	0.907684
88	0.180519	0.313715	0.779780	0.907569
89	0.175319	0.313665	0.781969	0.909465
90	0.190307	0.318517	0.776115	0.904982
91	0.170422	0.318603	0.776366	0.904737
92	0.185820	0.313022	0.778611	0.906565
93	0.175681	0.314312	0.778949	0.906969
94	0.180169	0.312076	0.779658	0.908211
95	0.171925	0.314952	0.779071	0.907829
96	0.173753	0.316274	0.779080	0.908010
97	0.171217	0.318446	0.778886	0.907983
98	0.180016	0.315641	0.779046	0.907817
99	0.168636	0.318125	0.778783	0.907551
100	0.169922	0.316777	0.779231	0.908021
1	1.128361	19.560863	0.060818	0.288775
2	0.629863	1.481808	0.134436	0.553473
3	0.550091	1.423781	0.188951	0.616353
4	0.481477	1.345879	0.254484	0.638511
5	0.518043	0.815285	0.298351	0.738221
6	0.453333	0.573569	0.429980	0.806902
7	0.432124	0.708690	0.411802	0.774516
8	0.395061	0.465007	0.451447	0.846934
9	0.379069	1.115588	0.332016	0.619317
10	0.364357	0.508047	0.433167	0.827698
11	0.354409	0.973237	0.304985	0.726477
12	0.372612	0.714888	0.354955	0.786839
13	0.343597	0.570535	0.399577	0.765452
14	0.335349	0.496404	0.518212	0.813420
15	0.398276	0.369561	0.691695	0.882479
16	0.313422	0.899763	0.484167	0.751056
17	0.322473	0.414240	0.660584	0.876562
18	0.334793	0.378255	0.677974	0.879903
19	0.332292	0.551531	0.621219	0.823794
20	0.315552	0.305949	0.729907	0.898049
21	0.338019	0.290331	0.743716	0.904613
22	0.309613	0.309446	0.696944	0.896103
23	0.296230	0.614546	0.621094	0.817361
24	0.279281	0.282074	0.755908	0.904455
25	0.281429	0.283806	0.758320	0.901880
26	0.294819	0.284637	0.759575	0.903024
27	0.294054	0.303734	0.719549	0.901049
28	0.296168	0.444492	0.627612	0.873471
29	0.289581	0.346421	0.697662	0.892092
30	0.266957	0.396011	0.701782	0.872337
31	0.264309	0.282189	0.765408	0.908120
32	0.291113	0.305547	0.758756	0.896786
33	0.278579	0.279335	0.777859	0.907902
34	0.287180	0.290268	0.761177	0.902776
35	0.279126	0.491460	0.688892	0.859157
36	0.278419	0.296027	0.766952	0.900104
37	0.267279	0.278737	0.769466	0.907804
38	0.252096	0.292169	0.761220	0.902532
39	0.257376	0.294509	0.767612	0.900924
40	0.251107	0.282238	0.761855	0.902613
41	0.258001	0.310515	0.762898	0.900948
42	0.253403	0.301639	0.764553	0.901593
43	0.252469	0.282153	0.771411	0.906515
44	0.236489	0.288256	0.772656	0.907375
45	0.239568	0.289530	0.770374	0.906860
46	0.255941	0.282256	0.771643	0.906476
47	0.234659	0.280785	0.770382	0.905922
48	0.250473	0.278515	0.772559	0.907458
49	0.237052	0.279048	0.773102	0.907584
50	0.250683	0.278784	0.773418	0.907784
1	1.116807	16.481963	0.044354	0.251784
2	0.654035	1.358635	0.181184	0.609259
3	0.559113	1.435721	0.162677	0.577748
4	0.502198	1.336761	0.175934	0.597919
5	0.517260	0.628191	0.356454	0.788858
6	0.450112	0.450286	0.450790	0.844540
7	0.423943	0.431407	0.490252	0.860409
8	0.415428	0.422949	0.498899	0.861305
9	0.398973	0.402152	0.500644	0.865720
10	0.383325	0.387543	0.523269	0.869735
1	1.133467	1.776858	0.130069	0.438570
2	0.646581	1.426127	0.121989	0.539260
3	0.562507	1.359638	0.192397	0.627506
4	0.501010	1.145115	0.237570	0.656251
5	0.519743	0.614117	0.340240	0.778187
6	0.456629	0.483019	0.455637	0.836729
1	1.130910	5.029678	0.080128	0.359673
2	0.650027	1.469496	0.141884	0.556762
3	0.565399	1.298846	0.197833	0.621301
4	0.503703	1.052443	0.268505	0.674042
5	0.514256	0.738227	0.272724	0.725297
6	0.448584	0.497700	0.457139	0.835563
7	0.421618	0.381005	0.520049	0.872531
8	0.426374	0.377825	0.535204	0.874989
9	0.398817	0.383688	0.520268	0.871957
10	0.387919	0.380693	0.532648	0.873345
1	1.122992	42.637026	0.090540	0.508524
2	0.653173	1.414169	0.120089	0.538135
3	0.581283	1.334953	0.194464	0.630719
4	0.516071	1.163670	0.179088	0.615053
5	0.527592	0.635900	0.374048	0.797091
6	0.464964	0.533774	0.423013	0.810092
7	0.433052	0.423335	0.472206	0.854952
8	0.427681	0.389770	0.500943	0.870739
9	0.407600	0.380710	0.510971	0.872929
10	0.390198	0.369419	0.526432	0.875985
1	1.123908	8.162566	0.098077	0.499780
2	0.650651	1.623974	0.099337	0.523853
3	0.566959	1.316648	0.188276	0.621498
4	0.505926	1.557880	0.115497	0.542000
5	0.531571	0.719266	0.388675	0.774512
6	0.456534	0.542247	0.426459	0.805468
7	0.437479	0.405224	0.479786	0.863141
8	0.429251	0.389037	0.487653	0.867958
9	0.403412	0.385329	0.496415	0.867182
10	0.392529	0.378081	0.500632	0.869063
1	1.132107	2.543815	0.118800	0.534527
2	0.653459	1.421749	0.142290	0.558452
3	0.562854	1.296526	0.195298	0.629783
4	0.494806	1.004298	0.231724	0.677109
5	0.522727	0.540165	0.420095	0.810471
6	0.459953	0.705267	0.426953	0.773111
7	0.442201	0.436272	0.533993	0.863429
8	0.410490	0.390710	0.515323	0.863863
9	0.395880	0.523221	0.480627	0.830654
10	0.363924	0.362580	0.564539	0.873220
11	0.363987	0.387703	0.586564	0.872256
12	0.382277	0.418762	0.531086	0.846806
13	0.358040	0.535081	0.516246	0.784169
14	0.351805	0.745281	0.408711	0.712299
15	0.386976	0.769704	0.408188	0.720321
16	0.321667	0.869244	0.484003	0.785911
17	0.323714	0.350074	0.722345	0.892358
18	0.333130	0.323634	0.750495	0.898998
19	0.348288	0.326067	0.727949	0.898091
20	0.361767	0.858057	0.507693	0.788888
21	0.383790	12.082182	0.100629	0.516552
22	0.410481	8.248036	0.218125	0.664140
23	0.364661	2.137567	0.289004	0.398389
24	0.334503	0.906126	0.440899	0.596131
25	0.326653	0.318146	0.749852	0.898615
26	0.331910	0.419523	0.708963	0.859700
27	0.337577	0.369616	0.693645	0.865845
28	0.339705	0.967830	0.482326	0.756574
29	0.336731	0.330781	0.705922	0.883218
30	0.299136	0.356530	0.711207	0.868702
31	0.297009	0.417702	0.684086	0.862976
32	0.318178	0.502160	0.636886	0.825136
33	0.296342	0.426523	0.634633	0.827713
34	0.298991	0.316079	0.756565	0.896450
35	0.331631	0.598325	0.555351	0.833904
36	0.316261	0.347683	0.732764	0.889675
37	0.308709	0.392460	0.685428	0.864894
38	0.297115	0.660215	0.572461	0.746070
39	0.301961	0.434669	0.643248	0.841082
40	0.288453	0.298293	0.770378	0.900410
41	0.292226	0.403146	0.693300	0.856833
42	0.294137	0.345087	0.744204	0.872495
43	0.286161	0.376743	0.697430	0.871846
44	0.269974	0.579075	0.629308	0.813408
45	0.263601	0.314010	0.767832	0.897869
46	0.287582	0.296224	0.767268	0.903537
47	0.256553	0.334214	0.729975	0.888581
48	0.287152	0.422169	0.692770	0.869877
49	0.267125	0.325720	0.753102	0.903282
50	0.273671	0.305412	0.768232	0.903856
51	0.255259	0.283026	0.765639	0.905487
52	0.255396	0.291944	0.772866	0.903709
53	0.236159	0.274662	0.784201	0.911892
54	0.248389	0.279957	0.779712	0.909760
55	0.250407	0.275552	0.782129	0.911666
56	0.247745	0.340518	0.745925	0.887631
57	0.239300	0.281392	0.782705	0.911795
58	0.257324	0.314494	0.745273	0.895558
59	0.269952	0.500291	0.649145	0.818987
60	0.262247	0.285666	0.765247	0.900504
61	0.242650	0.263659	0.783796	0.911513
62	0.236730	0.298471	0.764524	0.899796
63	0.230094	0.293460	0.775026	0.907177
64	0.226904	0.276698	0.785125	0.911503
65	0.233117	0.285623	0.769872	0.907393
66	0.244663	0.367339	0.727491	0.866022
67	0.250087	0.261820	0.790636	0.914580
68	0.241568	0.279713	0.775252	0.906910
69	0.238553	0.273369	0.781023	0.910312
70	0.234229	0.274434	0.782570	0.910962
71	0.217038	0.261973	0.788228	0.913117
72	0.217846	0.307556	0.761508	0.885573
73	0.216945	0.269818	0.786452	0.912121
74	0.211880	0.269229	0.780313	0.909953
75	0.216310	0.264104	0.778832	0.909817
76	0.207199	0.316436	0.748039	0.865563
77	0.206610	0.279639	0.776030	0.898126
78	0.209800	0.287115	0.769143	0.894147
79	0.211105	0.287112	0.786227	0.912573
80	0.207317	0.270519	0.782415	0.899398
81	0.199575	0.276112	0.796879	0.914259
82	0.205407	0.250291	0.790930	0.913276
83	0.209156	0.301172	0.758283	0.883345
84	0.192638	0.261090	0.786493	0.912849
85	0.188401	0.255911	0.787411	0.913703
86	0.190946	0.252399	0.791341	0.914494
87	0.186902	0.263517	0.784326	0.906509
88	0.191982	0.261291	0.790988	0.913148
89	0.181213	0.261865	0.789701	0.913468
90	0.194267	0.262313	0.781325	0.908176
91	0.179315	0.254703	0.787280	0.911150
92	0.206319	0.254889	0.788753	0.910551
93	0.182892	0.255353	0.790274	0.911890
94	0.185970	0.253991	0.791398	0.914137
95	0.181301	0.257022	0.791876	0.914765
96	0.181022	0.258809	0.792289	0.915044
97	0.179259	0.259822	0.792382	0.914969
98	0.182243	0.258979	0.792944	0.915238
99	0.176474	0.258044	0.792612	0.914879
100	0.182319	0.259291	0.793271	0.915223
1	1.137247	49.277194	0.093149	0.452404
2	0.652826	1.321199	0.147620	0.563424
3	0.573306	1.373326	0.182502	0.609272
4	0.516816	1.494282	0.131647	0.563245
5	0.533018	1.051003	0.236848	0.657728
6	0.457515	0.665450	0.396226	0.779138
7	0.438243	0.471749	0.513890	0.842504
8	0.414343	0.400645	0.521068	0.863367
9	0.401156	0.771834	0.330695	0.708972
10	0.374342	0.365987	0.541517	0.873627
11	0.373929	0.979681	0.320667	0.714298
12	0.393237	0.890076	0.340809	0.755987
13	0.357240	1.116489	0.288331	0.632103
14	0.353970	0.468154	0.503647	0.831980
15	0.394168	1.293275	0.242246	0.593397
16	0.336932	0.547070	0.542732	0.827293
17	0.340699	0.382136	0.701395	0.878269
18	0.352593	0.432525	0.598251	0.855740
19	0.356360	0.465654	0.588909	0.846410
20	0.343907	0.294378	0.748289	0.902752
21	0.340671	0.502900	0.668104	0.825860
22	0.357899	1.713433	0.383778	0.635456
23	0.338390	1.837565	0.351633	0.604762
24	0.310763	0.797807	0.510437	0.698130
25	0.318268	0.532994	0.598961	0.816265
26	0.340284	0.328845	0.734508	0.889450
27	0.342537	0.384295	0.632840	0.878526
28	0.349674	1.445149	0.443062	0.720771
29	0.343176	0.338264	0.710100	0.885210
30	0.302531	0.520448	0.618851	0.844213
31	0.298638	0.522569	0.599334	0.818991
32	0.310653	0.317913	0.723032	0.899737
33	0.298540	0.543425	0.562728	0.802937
34	0.311046	0.322713	0.693417	0.881944
35	0.324427	1.128701	0.424180	0.496098
36	0.312890	0.874066	0.600330	0.746860
37	0.308146	0.306699	0.754410	0.904644
38	0.287797	0.530037	0.673852	0.834830
39	0.295882	0.332351	0.739141	0.895471
40	0.291537	0.318870	0.708405	0.894827
41	0.294865	0.426877	0.654076	0.862147
42	0.297533	0.318920	0.757622	0.900378
43	0.280790	0.316872	0.763177	0.898430
44	0.277869	0.416062	0.702064	0.869269
45	0.262806	0.333137	0.709528	0.896483
46	0.277447	0.300402	0.725005	0.897260
47	0.257079	0.296245	0.749864	0.902097
48	0.285534	0.405889	0.695151	0.854348
49	0.261568	0.379133	0.741659	0.876515
50	0.278609	0.332035	0.723918	0.877792
51	0.258724	0.375156	0.709712	0.878591
52	0.248685	0.312458	0.769558	0.904254
53	0.235228	0.276911	0.773622	0.910519
54	0.246622	0.290559	0.778523	0.909524
55	0.244782	0.300669	0.766903	0.903583
56	0.253387	0.267807	0.777111	0.910589
57	0.244708	0.327085	0.744164	0.883156
58	0.267604	0.335585	0.740943	0.884255
59	0.273301	0.304353	0.759527	0.903388
60	0.247272	0.304294	0.773053	0.906290
61	0.245072	0.266785	0.768646	0.906454
62	0.236666	0.291123	0.765487	0.904316
63	0.228372	0.413578	0.702637	0.857709
64	0.219951	0.282832	0.780057	0.911470
65	0.227572	0.291388	0.773748	0.909137
66	0.236914	0.298430	0.750633	0.895207
67	0.240161	0.279517	0.779170	0.907531
68	0.235770	0.363669	0.721412	0.857208
69	0.225598	0.279622	0.773022	0.902090
70	0.233791	0.296783	0.775973	0.906080
71	0.206954	0.299273	0.779670	0.908989
72	0.212440	0.274245	0.780982	0.911986
73	0.210690	0.281774	0.784509	0.911527
74	0.209376	0.281336	0.758393	0.908467
75	0.221113	0.320054	0.755871	0.894972
76	0.208540	0.284272	0.781312	0.910229
77	0.203991	0.292389	0.776517	0.908068
78	0.209156	0.309091	0.770748	0.902175
79	0.208644	0.296480	0.784851	0.912583
80	0.208109	0.262941	0.786924	0.912639
81	0.199432	0.264213	0.790121	0.912441
82	0.201560	0.277597	0.786979	0.909148
83	0.197152	0.325883	0.764380	0.887328
84	0.186366	0.291413	0.784815	0.909876
85	0.188903	0.291166	0.784182	0.910749
86	0.191154	0.269851	0.789392	0.912897
87	0.187664	0.263007	0.789614	0.913510
88	0.194298	0.271983	0.787084	0.912170
89	0.185603	0.277938	0.786551	0.912676
90	0.196405	0.282968	0.785685	0.912509
91	0.181372	0.276700	0.785936	0.911344
92	0.202599	0.279219	0.783083	0.907669
93	0.184604	0.281743	0.782512	0.907230
94	0.185510	0.280670	0.784322	0.909617
95	0.181229	0.281332	0.784357	0.909297
96	0.181937	0.280428	0.784386	0.909703
97	0.178663	0.282799	0.784570	0.909596
98	0.183232	0.280846	0.785141	0.909860
99	0.176979	0.281797	0.784214	0.909463
100	0.177025	0.280686	0.784706	0.910057
1	1.136213	45.224134	0.050593	0.266629
2	0.657483	1.405110	0.156249	0.578097
3	0.564365	1.416706	0.187077	0.612452
4	0.508389	1.078364	0.240218	0.681187
5	0.542074	0.534126	0.427387	0.828084
6	0.462487	0.601603	0.387660	0.804014
7	0.436251	0.812505	0.362797	0.755233
8	0.414765	0.402012	0.527857	0.867332
9	0.386412	0.597164	0.480572	0.769888
10	0.362464	0.373856	0.545042	0.875794
11	0.371982	0.350777	0.587244	0.880758
12	0.389251	0.830799	0.378880	0.757491
13	0.360265	1.385190	0.284262	0.717792
14	0.361257	0.487789	0.487091	0.824833
15	0.404464	0.458587	0.455027	0.834179
16	0.336333	0.484898	0.548172	0.832298
17	0.330252	0.567601	0.454789	0.792470
18	0.360513	0.421911	0.459171	0.862383
19	0.363548	0.677849	0.433217	0.768551
20	0.359342	0.366527	0.534600	0.882142
21	0.355898	0.532612	0.490252	0.819908
22	0.346347	0.387872	0.461461	0.873616
23	0.320912	0.488207	0.476323	0.857964
24	0.317148	0.459248	0.553574	0.853015
25	0.325358	0.422389	0.567519	0.831902
26	0.328150	0.333228	0.595331	0.881858
27	0.338269	0.363767	0.515333	0.880197
28	0.325913	0.914549	0.340362	0.752118
29	0.328735	0.365070	0.543312	0.865969
30	0.290456	0.420702	0.583515	0.849621
31	0.293749	0.324335	0.606744	0.886650
32	0.310455	0.303008	0.615310	0.891406
33	0.294009	0.299381	0.630671	0.896711
34	0.291249	0.299804	0.615708	0.891938
35	0.291374	0.326482	0.609005	0.885208
36	0.287449	0.299222	0.622149	0.891823
37	0.272244	0.293834	0.624665	0.894477
38	0.266428	0.299477	0.617049	0.891159
39	0.271303	0.298573	0.623666	0.891176
40	0.261128	0.285990	0.629504	0.896299
41	0.265408	0.304276	0.623677	0.891414
42	0.267743	0.297474	0.622101	0.891210
43	0.265172	0.286929	0.628050	0.895788
44	0.255886	0.286146	0.628102	0.895600
45	0.250339	0.286544	0.627321	0.895441
46	0.264617	0.283634	0.629695	0.895770
47	0.248676	0.284078	0.631107	0.896409
48	0.273086	0.283995	0.631186	0.896355
49	0.249778	0.285303	0.630366	0.895713
50	0.269922	0.285748	0.630124	0.895577
1	1.122851	9.831090	0.113498	0.464606
2	0.650398	1.597572	0.132632	0.547370
3	0.556643	1.373385	0.196451	0.632442
4	0.489438	1.473912	0.134346	0.570975
5	0.533911	0.628369	0.386794	0.801502
6	0.463358	0.691032	0.361280	0.751119
7	0.442085	1.145731	0.260299	0.681211
8	0.410375	0.389736	0.554772	0.864252
9	0.393772	0.654926	0.358406	0.708901
10	0.370172	0.424504	0.527969	0.841684
11	0.371309	1.023516	0.303928	0.730738
12	0.385596	0.877444	0.345001	0.745885
13	0.363995	1.121323	0.269514	0.655015
14	0.356569	0.438844	0.535805	0.856537
15	0.405893	0.389682	0.581542	0.857319
16	0.334477	0.887809	0.424011	0.715063
17	0.343151	1.127364	0.455209	0.739383
18	0.354720	0.458939	0.686763	0.861121
19	0.361893	0.433213	0.718859	0.867143
20	0.347013	0.931757	0.492248	0.763709
21	0.358862	0.323851	0.670837	0.893294
22	0.354454	0.301337	0.753673	0.902755
23	0.315212	0.681583	0.535548	0.788708
24	0.302168	0.320276	0.760078	0.904698
25	0.305851	0.346643	0.710849	0.896384
26	0.314207	0.422312	0.644006	0.862758
27	0.315255	0.427270	0.681589	0.841954
28	0.330779	0.724072	0.570509	0.821809
29	0.325919	0.372203	0.638056	0.871698
30	0.304977	0.466620	0.629346	0.859463
31	0.292020	0.629804	0.647289	0.816099
32	0.320938	0.502491	0.570994	0.823249
33	0.301886	0.631445	0.554137	0.780182
34	0.306685	0.290493	0.735772	0.902280
35	0.329231	0.417151	0.699350	0.844284
36	0.315416	0.293826	0.764206	0.903728
37	0.293249	0.356708	0.710042	0.882712
38	0.280277	0.428802	0.722974	0.862024
39	0.290620	0.277332	0.740499	0.906756
40	0.279844	0.319983	0.749084	0.881960
41	0.281917	0.371233	0.744082	0.881361
42	0.287463	0.269791	0.767855	0.907096
43	0.279052	0.478452	0.717902	0.851495
44	0.264325	0.828485	0.561528	0.767315
45	0.265949	0.329996	0.744766	0.897738
46	0.267287	0.400514	0.703546	0.841063
47	0.260856	0.296393	0.767362	0.901128
48	0.283449	0.470532	0.701140	0.852408
49	0.260218	0.375694	0.697577	0.887149
50	0.272251	0.309234	0.769579	0.902500
51	0.252031	0.343885	0.737955	0.886178
52	0.237876	0.277849	0.782865	0.911166
53	0.228078	0.280144	0.776461	0.903023
54	0.239051	0.272869	0.781781	0.910022
55	0.237503	0.299183	0.760645	0.895557
56	0.240761	0.283313	0.778628	0.909341
57	0.238305	0.295082	0.770952	0.902545
58	0.245643	0.323557	0.750303	0.889630
59	0.252863	0.280975	0.758105	0.902864
60	0.236883	0.309275	0.745802	0.900755
61	0.221633	0.285562	0.780584	0.910642
62	0.216996	0.276810	0.770861	0.910473
63	0.219863	0.368825	0.721323	0.860598
64	0.214365	0.285475	0.779808	0.909967
65	0.216157	0.289894	0.784073	0.912735
66	0.223599	0.289455	0.781064	0.908909
67	0.228641	0.268834	0.776617	0.912799
68	0.223104	0.458660	0.693763	0.834140
69	0.223125	0.319308	0.761470	0.891116
70	0.225229	0.325338	0.760746	0.890199
71	0.204400	0.273710	0.785557	0.912365
72	0.201521	0.265804	0.785211	0.912135
73	0.204822	0.273935	0.788921	0.912697
74	0.191882	0.280238	0.787233	0.913299
75	0.208490	0.278575	0.780517	0.910228
76	0.196970	0.302356	0.770090	0.890552
77	0.191337	0.284226	0.783780	0.912955
78	0.197100	0.278914	0.785430	0.913985
79	0.185986	0.277365	0.789292	0.913496
80	0.194666	0.271790	0.788301	0.914614
81	0.194356	0.271933	0.788310	0.914502
82	0.199062	0.263019	0.788707	0.914511
83	0.192263	0.346414	0.743769	0.870279
84	0.185059	0.274299	0.787860	0.914935
85	0.170517	0.287063	0.774136	0.911956
86	0.176976	0.268935	0.787606	0.914747
87	0.176791	0.265512	0.789300	0.912839
88	0.176375	0.270844	0.786942	0.911515
89	0.176594	0.275801	0.785813	0.911476
90	0.181331	0.277034	0.780654	0.909016
91	0.169966	0.269452	0.783974	0.912037
92	0.185590	0.267581	0.787860	0.913781
93	0.178417	0.272221	0.786754	0.913062
94	0.180166	0.275513	0.783146	0.911292
95	0.171121	0.274754	0.779730	0.911162
96	0.172841	0.272370	0.780794	0.912374
97	0.172616	0.272566	0.780131	0.911753
98	0.169853	0.271141	0.780737	0.912267
99	0.170181	0.270969	0.780974	0.912206
100	0.165128	0.271761	0.781227	0.912393
1	1.121426	5.675673	0.094006	0.449065
2	0.648545	1.449354	0.098349	0.522253
3	0.559818	1.403325	0.171737	0.584934
4	0.489059	1.070315	0.217145	0.636582
5	0.522499	0.564292	0.392497	0.797432
6	0.456670	0.429867	0.532819	0.854064
7	0.442644	0.667759	0.381754	0.768467
8	0.411289	0.523170	0.477961	0.800652
9	0.392629	0.649449	0.385867	0.770478
10	0.366576	0.589128	0.411417	0.771135
11	0.375893	0.496955	0.475110	0.818892
12	0.393244	0.561523	0.401214	0.804956
13	0.357511	0.531435	0.476401	0.790220
14	0.359244	0.389676	0.557778	0.869113
15	0.394963	0.585806	0.406117	0.816441
16	0.329241	0.599688	0.420320	0.802929
17	0.336676	0.353785	0.598071	0.880823
18	0.358359	0.533623	0.447388	0.779571
19	0.370732	0.454118	0.511545	0.819302
20	0.358834	0.340762	0.540365	0.881201
21	0.370049	0.609487	0.392679	0.752754
22	0.366639	0.499505	0.525019	0.829122
23	0.331207	0.903264	0.407516	0.669484
24	0.322922	0.394158	0.560328	0.869321
25	0.325064	0.449884	0.482351	0.838557
26	0.328513	0.365786	0.538324	0.872575
27	0.338855	0.432924	0.497898	0.852518
28	0.342958	0.817504	0.325074	0.723335
29	0.329921	0.736145	0.320146	0.742398
30	0.305652	0.421550	0.704253	0.849725
31	0.294645	0.678404	0.616974	0.809141
32	0.315095	0.400169	0.688073	0.861496
33	0.302018	0.525090	0.632905	0.774579
34	0.298892	0.315740	0.753370	0.898752
35	0.325160	0.339225	0.727458	0.886099
36	0.301627	0.493121	0.700779	0.867193
37	0.296987	0.316114	0.742389	0.896955
38	0.278967	0.356956	0.744245	0.882038
39	0.293279	0.385761	0.669813	0.855070
40	0.283702	0.667718	0.532163	0.737293
41	0.283742	0.467357	0.580256	0.860411
42	0.317870	1.048020	0.399893	0.696358
43	0.288468	0.419402	0.652998	0.836265
44	0.271223	0.525867	0.662719	0.824274
45	0.268769	0.473216	0.657848	0.850883
46	0.277831	0.343938	0.711059	0.880805
47	0.266555	0.311683	0.762868	0.900072
48	0.291925	0.548631	0.641393	0.837960
49	0.265972	0.361649	0.728685	0.870747
50	0.272948	0.296054	0.772706	0.906894
51	0.261185	0.289034	0.776796	0.909412
52	0.252072	0.282066	0.766652	0.904392
53	0.233605	0.283042	0.777834	0.910367
54	0.245308	0.300517	0.768108	0.905537
55	0.241538	0.299377	0.767547	0.905661
56	0.244775	0.270484	0.771981	0.910695
57	0.248143	0.283767	0.773777	0.905873
58	0.240833	0.326008	0.755709	0.897269
59	0.258641	0.267406	0.785231	0.912472
60	0.240647	0.345542	0.757979	0.891783
61	0.235685	0.293617	0.758079	0.896025
62	0.224272	0.335734	0.730792	0.877761
63	0.224177	0.296046	0.782468	0.910065
64	0.215633	0.325225	0.769293	0.898050
65	0.220252	0.301002	0.779627	0.910560
66	0.231789	0.333982	0.751151	0.867397
67	0.243616	0.285552	0.776313	0.910346
68	0.226872	0.291498	0.779702	0.910071
69	0.230826	0.311488	0.768491	0.904922
70	0.228980	0.300393	0.771733	0.910588
71	0.213925	0.277741	0.784212	0.909732
72	0.206693	0.290652	0.782943	0.909832
73	0.208267	0.287860	0.787948	0.913635
74	0.199515	0.308752	0.766268	0.892927
75	0.214955	0.281414	0.788972	0.911661
76	0.195038	0.286552	0.781722	0.906435
77	0.190592	0.287339	0.779381	0.909000
78	0.194079	0.302530	0.768205	0.897636
79	0.195777	0.298638	0.786105	0.913569
80	0.195433	0.288200	0.785610	0.910199
81	0.188006	0.285435	0.784535	0.907214
82	0.192025	0.268992	0.791610	0.913187
83	0.190109	0.310414	0.764212	0.885539
84	0.176880	0.283848	0.785058	0.911207
85	0.177591	0.291144	0.783144	0.910498
86	0.180424	0.289047	0.781095	0.905772
87	0.172669	0.294424	0.779911	0.901173
88	0.176579	0.280668	0.789246	0.911576
89	0.176328	0.287108	0.788707	0.912350
90	0.178035	0.317087	0.772445	0.894688
91	0.170114	0.289941	0.787693	0.911783
92	0.190077	0.289034	0.786724	0.910732
93	0.172950	0.287462	0.784967	0.909066
94	0.177741	0.280749	0.787883	0.911875
95	0.168471	0.277442	0.789051	0.912498
96	0.169094	0.278678	0.788733	0.911986
97	0.170249	0.279948	0.788093	0.912336
98	0.170870	0.277491	0.788573	0.912206
99	0.168377	0.278007	0.788253	0.911916
100	0.170066	0.277937	0.788311	0.912226
1	1.142013	4.548500	0.091135	0.503754
2	0.652418	1.547020	0.099234	0.524129
3	0.578215	1.382163	0.198805	0.627276
4	0.498348	0.760839	0.293148	0.747968
5	0.527803	0.749781	0.330445	0.776572
6	0.461315	0.704166	0.337357	0.728685
7	0.438592	0.914283	0.298947	0.646835
8	0.408183	0.569796	0.440662	0.797942
9	0.389704	0.810230	0.399346	0.692181
10	0.356917	0.397914	0.484943	0.863218
11	0.366530	0.371334	0.551262	0.872215
12	0.381461	0.411582	0.440632	0.853866
13	0.352518	0.389382	0.570744	0.865254
14	0.355516	0.540028	0.471942	0.790897
15	0.398326	0.972712	0.325129	0.700850
16	0.328307	0.835073	0.472929	0.657733
17	0.330792	0.404036	0.669000	0.862729
18	0.356642	0.415770	0.634948	0.860296
19	0.345340	0.750215	0.528258	0.747739
20	0.337215	0.330729	0.709643	0.896035
21	0.344258	0.485008	0.652890	0.806368
22	0.360065	0.973331	0.413734	0.648302
23	0.340303	1.825205	0.417378	0.727130
24	0.323460	0.632249	0.563443	0.760032
25	0.312213	0.365927	0.702594	0.880138
26	0.320172	0.332035	0.701908	0.893821
27	0.324451	0.328640	0.741347	0.888109
28	0.329860	1.662337	0.398949	0.659526
29	0.328166	0.363167	0.715678	0.877912
30	0.281642	0.471857	0.692203	0.845019
31	0.279807	0.346090	0.745905	0.869575
32	0.302260	0.315717	0.731167	0.899491
33	0.293533	0.314985	0.745403	0.892268
34	0.298888	0.323278	0.674949	0.889123
35	0.310573	0.731100	0.586377	0.805118
36	0.300233	0.316260	0.749212	0.897508
37	0.283704	0.348779	0.687817	0.887160
38	0.271685	0.358379	0.746668	0.883571
39	0.277330	0.315820	0.744378	0.897686
40	0.275666	0.728859	0.571963	0.707266
41	0.276612	1.128900	0.557515	0.716144
42	0.280694	0.321508	0.701347	0.892294
43	0.273188	0.436435	0.701646	0.845151
44	0.261450	0.896907	0.597204	0.774423
45	0.253782	0.329984	0.753305	0.899831
46	0.268643	0.318166	0.766356	0.898905
47	0.250981	0.293166	0.769412	0.903046
48	0.276219	0.297433	0.774902	0.906651
49	0.251552	0.351197	0.719341	0.885214
50	0.251696	0.347462	0.745729	0.894866
51	0.250032	0.321852	0.759156	0.893900
52	0.232757	0.283112	0.776722	0.907625
53	0.226398	0.274369	0.787425	0.913902
54	0.241802	0.298825	0.772149	0.906300
55	0.231334	0.290431	0.780215	0.906768
56	0.236378	0.291567	0.741621	0.902095
57	0.240332	0.317044	0.775761	0.908114
58	0.245627	0.299561	0.771037	0.902344
59	0.248582	0.525937	0.706934	0.857846
60	0.237234	0.326939	0.744912	0.900848
61	0.228845	0.314707	0.692250	0.894175
62	0.221645	0.370527	0.720486	0.866924
63	0.216374	0.284042	0.777758	0.908010
64	0.217690	0.408812	0.740510	0.873362
65	0.224427	0.316914	0.767424	0.901531
66	0.226370	0.317823	0.771335	0.892375
67	0.226383	0.280378	0.783062	0.908713
68	0.214007	0.325198	0.765717	0.900552
69	0.215912	0.305291	0.771792	0.905801
70	0.208664	0.304310	0.779564	0.907153
71	0.205701	0.305274	0.781955	0.909433
72	0.206007	0.313969	0.770761	0.902890
73	0.207192	0.291130	0.784194	0.909420
74	0.196477	0.282986	0.780591	0.911325
75	0.205498	0.298867	0.784309	0.913036
76	0.187008	0.299714	0.782918	0.910631
77	0.189258	0.295360	0.781256	0.910752
78	0.186026	0.300120	0.774511	0.909443
79	0.189954	0.317167	0.783851	0.909966
80	0.195350	0.283729	0.782199	0.910127
81	0.188832	0.279490	0.776958	0.909483
82	0.188918	0.277220	0.784482	0.910632
83	0.181306	0.294023	0.782257	0.908166
84	0.172625	0.305820	0.784793	0.910986
85	0.172565	0.304763	0.782969	0.910468
86	0.172817	0.298457	0.783422	0.910691
87	0.175288	0.304534	0.782288	0.909484
88	0.186345	0.314965	0.773400	0.900204
89	0.174162	0.304736	0.777400	0.905495
90	0.183462	0.304627	0.780603	0.906733
91	0.164322	0.304419	0.780091	0.906455
92	0.180729	0.301357	0.782709	0.908787
93	0.169020	0.301521	0.781934	0.908049
94	0.171160	0.300141	0.782420	0.908584
95	0.166701	0.299922	0.781925	0.908334
96	0.164017	0.300428	0.781987	0.908612
97	0.166248	0.302143	0.781169	0.908254
98	0.166403	0.299830	0.781775	0.908653
99	0.164494	0.300345	0.781457	0.908081
100	0.164740	0.300591	0.781509	0.908098
